INSERT INTO public.gnu_even(id, fech_in, fech_fin, dura, fk_lugar) 
	VALUES  (0, '11/12/2018', '11/19/2018', 8, 0),
                (1, '11/04/2018', '11/11/2018', 8, 1),
                (2, '11/20/2018', '11/29/2018', 10, 1);

INSERT INTO public.gnu_inscri(id, n_grupo, punto_etp1, campeon, descrip, fk_person, fk_even) 
	VALUES  (0, 1, 4, null, 'miembro1' , 0, 1),
    (1, 1, 2, null, 'miembro2' , 1, 1),                                 
    (2, 1, 0, null, 'miembro3' , 3, 1),
    (3, 2, 3, null, 'miembro1' , 2, 1),
    (4, 2, 1, null, 'miembro2' , 4, 1),
    (5, 2, 2, null, 'miembro3' , 5, 1),
    (6, 3, 2, null, 'miembro1' , 6, 1),
    (7, 3, 3, null, 'miembro2' , 7, 1),
    (8, 3, 1, null, 'miembro3' , 10, 1),
    (9, 4, 2, null, 'miembro1' , 9, 1),
    (10, 4, 0, null, 'miembro2' , 8, 1),
    (11, 4, 4, TRUE, 'miembro3', 11,1),
                (12, 1, 4, null, 'miembro1' , 0, 0),
    (13, 1, 0, null, 'miembro2' , 1, 0),
    (14, 1, 2, null, 'miembro3' , 3, 0),
    (15, 2, 3, null, 'miembro1' , 2, 0),
    (16, 2, 1, null, 'miembro2' , 4, 0),
    (17, 2, 2, TRUE, 'miembro3' , 5, 0),
    (18, 3, 2, null, 'miembro1' , 6, 0),
    (19, 3, 3, null, 'miembro2' , 7, 0),
    (20, 3, 1, null, 'miembro3' , 10, 0),
    (21, 4, 0, null, 'miembro1' , 9, 0),
    (22, 4, 4, null, 'miembro2' , 8, 0),
    (23, 4, 2, null, 'miembro3', 11, 0),
               (24, 1, 2, null, 'miembro1' , 1, 2),
    (25, 1, 3, null, 'miembro2' , 9, 2),
    (26, 1, 4, null, 'miembro3' , 10, 2),
    (27, 1, 7, TRUE, 'miembro4' , 7, 2),
    (28, 1, 4, null, 'miembro5' , 5, 2),
    (29, 2, 5, null, 'miembro1' , 4, 2),
    (30, 2, 3, null, 'miembro2' , 2, 2),
    (31, 2, 4, null, 'miembro3', 11, 2),
    (32, 2, 4, null, 'miembro4' , 8, 2),
    (33, 2, 4, null, 'miembro5' , 3, 2);

    INSERT INTO public.gnu_combat(id,fech,etp,ganador,dura_min,fk_Inscri1, fk_Inscri2)
    VALUES (0,'11/04/2018',1 , 1, 60, 0, 1),
           (1,'11/05/2018',1 , 1, 54, 0, 2),
           (2,'11/06/2018',1 , 1, 32, 1, 2),
           (3,'11/04/2018',1 , 0, 45, 3, 4),
           (4,'11/05/2018',1 , 1, 30, 3, 5), --SEGUNDO EVENTO
           (5,'11/06/2018',1 , 2, 27, 4, 5),
           (6,'11/04/2018',1 , 2, 38, 6, 7),
           (7,'11/05/2018',1 , 1, 14, 6, 8),
           (8,'11/06/2018',1 , 0, 14, 7, 8),
           (9,'11/04/2018',1 , 1, 12, 9, 10),
           (10,'11/05/2018',1 , 2, 25, 9, 11),
           (11,'11/06/2018',1 , 2, 41, 10, 11),
              (12,'11/07/2018',2 , 1, 36, 0, 6),
           (13,'11/07/2018',2 , 2, 47, 1, 7),
           (14,'11/08/2018',2 , 2, 24, 3, 9),
           (15,'11/08/2018',2 , 2, 37, 5, 11),
              (16,'11/10/2018',3 , 2, 9, 0, 11),
           (17,'11/10/2018',3 , 2, 4, 7, 9),
           (18,'11/11/2018',3 , 1, 10, 11, 9),
                                                --PRIMER EVENTO
            (19,'11/12/2018',1 , 1, 59, 12, 13),
           (20,'11/13/2018',1 , 1, 60, 12, 14),
           (21,'11/14/2018',1 , 2, 48, 13, 14),
           (22,'11/12/2018',1 , 0, 52, 15, 16),
           (23,'11/13/2018',1 , 1, 11, 15, 17),
           (24,'11/14/2018',1 , 2, 17, 16, 17),
           (25,'11/12/2018',1 , 2, 24, 18, 19),
           (26,'11/13/2018',1 , 1, 48, 18, 20),
           (27,'11/14/2018',1 , 0, 36, 19, 20),
           (28,'11/12/2018',1 , 2, 25, 21, 22),
           (29,'11/13/2018',1 , 2, 47, 21, 23),
           (30,'11/14/2018',1 , 1, 36, 22, 23),
              (31,'11/15/2018',2 , 2, 37, 12, 18),
           (32,'11/15/2018',2 , 1, 49, 14, 19),
           (33,'11/16/2018',2 , 1, 55, 15, 23),
           (34,'11/16/2018',2 , 1, 2, 17, 22),
              (35,'11/18/2018',3 , 2, 45, 18, 17),
           (36,'11/18/2018',3 , 2, 60, 14, 15),
           (37,'11/19/2018',3 , 1, 49, 17, 15),
                                                --TERCER EVENTO
           (38,'11/20/2018',1 , 2, 12, 24, 25),
           (39,'11/21/2018',1 , 2, 21, 24, 26),
           (40,'11/22/2018',1 , 2, 34, 24, 27),
           (41,'11/23/2018',1 , 1, 27, 24, 28),
           (42,'11/24/2018',1 , 2, 24, 26, 28),
           (43,'11/20/2018',1 , 2, 25, 26, 27),
           (44,'11/21/2018',1 , 2, 14, 25, 27),
           (45,'11/22/2018',1 , 0, 19, 25, 28),
           (46,'11/23/2018',1 , 2, 8, 25, 26),
           (47,'11/24/2018',1 , 0, 42, 27, 28),

           (48,'11/20/2018',1 , 1, 58, 29, 30),
           (49,'11/21/2018',1 , 1, 52, 29, 31),
           (50,'11/22/2018',1 , 0, 31, 29, 32),
           (51,'11/23/2018',1 , 2, 45, 29, 33),
           (52,'11/24/2018',1 , 1, 6, 31, 33),
           (53,'11/20/2018',1 , 0, 59, 31, 32),
           (54,'11/21/2018',1 , 1, 51, 30, 32),
           (55,'11/22/2018',1 , 2, 37, 30, 33),
           (56,'11/23/2018',1 , 0, 36, 30, 31),
           (57,'11/24/2018',1 , 1, 47, 32, 33),

           (58,'11/25/2018',2 , 1, 18, 27, 33),
           (59,'11/26/2018',2 , 1, 29, 26, 31),
           (60,'11/25/2018',2 , 2, 34, 28, 32),
           (61,'11/26/2018',2 , 1, 33, 25, 29),
           (62,'11/28/2018',3 , 1, 58, 27, 25),
           (63,'11/28/2018',3 , 2, 12, 32, 26),
           (64,'11/29/2018',3 , 1, 60, 27, 26);
            

UPDATE public.gnu_habili
 SET valor = valor + 1
 WHERE (fk_person = 11 OR fk_person=5 OR fk_person=7) AND valor < 7;
commit;
